100
0 1
6 0010001
0 4
6 6000001
6 0000301
6 0000001
2 211
6 2122101
5 806001
6 8020001
6 4500061
6 9900901
6 2174231
6 0211001
6 0221202
6 5910482
0 5
0 1
6 2200701
6 9284319
6 2762097
6 2212101
0 1
0 1
6 0000001
6 0000708
0 1
1 21
0 1
6 0000001
6 9900203
6 0201001
6 7303001
6 0000001
6 4775221
6 0740001
6 6000101
2 001
6 9008001
6 9999999
2 102
3 2981
6 2096033
0 1
6 4000601
0 1
3 5221
0 3
0 1
6 0007001
4 14583
6 2101201
6 5000091
4 00001
0 1
2 227
5 022201
4 50003
6 2010121
4 11111
5 476527
6 4000341
2 961
5 008001
6 1211121
6 0022121
5 000001
6 1111111
0 1
0 1
6 1800011
6 4417967
6 0000301
0 1
4 79351
6 0060007
4 12012
2 401
5 003003
5 110011
6 2000268
6 2011222
2 808
6 0302061
0 1
0 1
6 0300061
3 0002
6 9279774
1 09
6 0000001
6 7706689
6 7500001
6 0808003
6 0010051
6 0000001
1 21
6 5870001
4 00051
6 0700071
