100
2 0.0010 41.9990
0.0009 41.9990
99.9991 37.8839
2 99.9994 33.1522
0.0009 23.0395
0.0003 43.2649
2 99.9994 72.4549
99.9996 71.3439
99.9998 73.5660
1 53.4746 89.8008
21.5037 89.8008
2 99.9994 20.5067
99.9999 20.4811
0.0008 43.9521
2 7.8798 46.3779
91.7197 46.6077
14.7139 44.8192
2 99.9999 87.0909
0.0007 71.8092
0.0007 87.0909
2 99.9993 27.0851
99.9992 27.0851
99.9996 36.4277
2 99.9995 64.3714
99.9992 64.3714
0.0009 22.1452
2 39.2035 2.6648
67.4478 3.3887
46.5268 1.6154
2 0.0010 31.4685
0.0001 86.4813
0.0007 31.4267
2 99.9992 39.5554
0.0004 44.2259
99.9996 39.5554
2 0.0009 56.8064
0.0010 56.7389
79.7885 57.8187
2 99.9991 70.8158
19.8124 70.8158
99.9992 16.8069
2 99.9991 40.5358
99.9999 40.5358
87.3842 29.4174
1 10.0000 50.0000
0.2000 50.0000
2 0.0007 57.1136
0.0011 57.4003
0.0002 26.8447
2 30.0000 65.4321
0.0001 50.0000
100.0000 99.9000
2 0.0008 98.0804
0.0003 55.6530
99.9995 98.0804
2 100.0000 4.6912
0.0002 1.5564
0.0008 4.7242
2 99.9998 64.2341
99.9995 46.5563
99.9992 64.2341
2 17.9858 58.8930
66.0699 96.0406
95.4523 70.2618
2 99.9998 60.5718
99.9999 60.5716
99.9997 16.9012
2 0.0005 11.1716
0.0011 11.1716
99.9992 28.1298
2 5.0000 99.9000
30.0000 99.8999
20.0000 99.7000
2 0.0001 0.1000
0.0001 0.1001
0.0001 0.1002
2 100.0000 39.1270
2.8026 49.8245
29.7066 28.4295
2 100.0000 88.3984
0.0001 88.3983
99.9999 88.3984
2 99.9996 43.1272
99.9996 35.1672
0.0005 51.0872
2 71.0797 44.4504
70.7871 44.4501
93.4881 28.4271
2 70.8155 33.7080
34.6838 33.7090
40.2787 72.6711
2 0.0001 77.2831
0.0001 97.3911
0.0001 57.1751
2 99.9994 14.8679
0.0002 99.7782
0.0006 14.8679
2 99.9994 53.8905
0.0002 53.8278
0.0009 78.9967
2 0.0003 59.0125
99.9997 80.4841
0.0009 37.5410
2 99.9998 44.9488
0.0006 1.6677
99.9997 44.9488
1 94.0092 36.6119
87.7295 33.2511
2 0.0007 38.0514
99.9990 69.8836
0.0001 6.2192
2 99.9994 30.8714
0.0009 6.1459
0.0003 55.5969
2 0.0004 30.8210
0.0001 15.3183
0.0003 46.3237
2 99.9997 75.9221
99.9998 50.9319
0.0011 76.1256
2 99.9999 48.6996
0.0007 96.6752
85.4826 0.7240
2 99.9997 31.3041
99.9997 44.7224
0.0005 31.3041
2 7.1902 87.9721
0.0002 87.9721
0.0001 87.9721
2 59.1081 96.8236
85.9566 98.5488
45.9915 93.5993
2 0.0001 4.9240
99.9991 4.9182
0.0004 98.7027
2 100.0000 65.1587
99.9999 65.1586
0.0001 65.1587
2 100.0000 65.1586
0.0001 65.1587
99.9999 65.1586
1 86.7259 29.2561
44.8514 50.0655
2 100.0000 88.3983
99.9999 88.3984
0.0001 88.3983
2 23.4762 54.9202
100.0000 54.9202
99.9999 54.9202
2 99.9999 54.0301
0.0005 63.9934
99.9995 54.0301
2 0.0004 61.4697
0.0002 62.7383
16.7568 60.2010
2 99.4808 76.9326
99.9999 76.9326
100.0000 76.9326
2 40.1657 50.9890
81.0338 50.9890
81.7632 50.9890
2 99.9995 95.9782
99.9997 27.4455
99.9996 95.9782
2 99.9996 24.5788
0.0010 24.3973
99.9998 24.7603
2 0.0008 20.6342
100.0000 20.6063
99.9991 84.4620
2 99.9991 24.3067
0.0005 24.3067
99.9995 93.0693
2 99.9992 7.0074
99.9996 6.9974
94.8759 67.1020
2 99.9997 54.1140
99.9990 94.4964
99.9997 54.0367
2 0.0003 47.6175
0.0006 47.6175
0.0011 69.3341
2 0.0008 28.9389
0.0010 63.9666
0.0008 28.9053
2 0.0005 84.0668
99.9994 0.6938
99.9991 84.8287
1 46.3057 87.0113
87.0800 87.0123
2 99.9996 23.3086
99.9997 23.3086
99.9997 79.0278
2 99.9995 28.7422
80.3785 0.1692
99.9999 28.7422
2 0.0005 16.8468
30.4338 92.6720
0.0005 16.8468
2 0.0001 0.1001
0.0001 0.1003
0.0001 0.1000
2 0.0009 61.4395
0.0004 69.2214
38.9031 61.4395
2 0.0007 60.9022
99.9992 92.8844
99.9999 60.9022
2 99.9997 69.7600
0.0003 69.7600
99.9991 15.4842
2 99.9999 56.6446
0.0007 69.5873
0.0009 56.5741
2 99.9999 26.1162
0.0006 35.5750
0.0002 26.1162
2 0.0008 5.9432
0.0006 5.8064
0.0002 5.9432
2 99.9991 80.9437
99.9999 81.1116
99.9996 27.8690
2 99.9992 71.5830
99.9996 71.5840
99.9993 78.9383
2 0.0010 59.5364
99.9991 59.8806
0.0001 7.0499
1 19.0289 99.9000
43.0397 99.9000
2 99.9994 78.1340
54.3607 78.8856
0.0007 57.1390
2 0.0007 98.4077
99.9992 65.1972
91.9167 98.4077
1 81.2813 0.1000
8.9482 86.8845
2 0.0010 42.7986
0.0009 13.7043
99.9998 42.7986
2 0.0003 48.3441
0.0004 48.4552
99.9992 37.8994
2 0.0004 12.2970
99.9995 12.2970
99.9995 85.3957
2 0.0005 56.7946
0.0003 72.6573
0.0002 56.7946
2 45.4822 0.1000
76.4490 95.9438
55.8421 0.1000
2 0.0001 39.1731
94.7253 47.6112
61.7760 30.7350
2 0.0003 68.5066
99.9997 56.8868
0.0006 80.1264
2 38.0050 99.9000
37.2458 26.1076
27.7675 91.5707
2 21.0258 73.2869
65.4945 32.8450
40.4605 32.8450
2 99.9998 73.9998
0.0006 78.4333
0.0010 73.9998
2 0.0005 45.3898
0.0009 35.8328
0.0003 54.9468
2 0.0009 75.2384
100.0000 43.0386
99.9991 75.2384
2 0.0001 7.9161
99.9998 88.3919
99.9991 7.9161
2 100.0000 75.6127
70.0263 75.6127
27.0364 27.7990
2 90.0876 97.2750
0.0004 1.1395
99.9991 97.2754
2 0.0004 72.5680
0.0005 73.0322
99.9990 53.8445
2 0.0002 42.5471
99.9991 75.2476
99.9998 9.8465
2 99.9996 18.5425
3.6930 18.7218
0.0003 14.8270
