100
2 99.9998 79.8743
0.0001 74.2128
0.0004 80.4744
2 0.0009 44.0905
0.0010 44.0905
0.0007 97.8186
2 100.0000 60.1686
0.0003 60.1686
99.9998 15.4674
2 99.9991 52.0394
99.9998 64.7400
0.0003 52.0394
2 100.0000 14.1758
0.0005 14.1758
0.0005 87.3429
1 36.0594 99.9000
23.1650 17.6965
2 0.0009 37.8612
0.0003 37.8622
99.9993 55.0030
2 0.0006 29.3053
99.9995 0.6698
99.9991 57.9408
2 0.0010 21.5894
99.9994 20.4464
0.0008 21.6644
2 47.3328 99.9000
16.8411 99.9000
74.6790 89.6389
2 92.7619 7.3407
39.7855 21.8369
19.6574 3.8722
2 0.0009 10.9699
7.0716 10.9699
0.0007 4.6815
2 99.9991 69.5850
99.9995 41.5157
0.0006 69.8459
2 0.0007 87.1859
5.1456 91.3942
0.0002 87.1859
2 99.9991 60.3744
99.9996 17.9377
99.9993 60.3744
2 99.4808 76.9326
99.9999 76.9326
100.0000 76.9326
2 0.0001 0.1001
0.0001 0.1000
0.0001 0.1003
2 100.0000 88.3984
0.0001 88.3983
99.9999 88.3984
2 0.0009 0.3279
99.9996 0.3276
99.9999 46.3236
2 0.0002 6.5237
0.0003 6.5166
99.9995 69.6330
2 0.0011 85.1995
0.0006 89.6027
0.0004 85.1995
2 0.0007 14.9553
0.0007 14.9553
99.9992 2.5751
2 0.0002 50.5095
99.9997 64.2356
0.0008 50.4375
2 53.0412 82.1960
0.0001 82.1960
0.0002 82.1960
2 99.9998 77.4104
0.0008 77.4104
99.9991 57.9545
2 81.1698 0.1000
30.5231 0.1000
33.9184 73.7744
2 74.9772 1.2139
41.0563 3.7141
94.5602 0.1283
2 0.0003 59.3766
99.9991 30.2743
0.0009 88.4788
2 99.9992 35.5696
0.0010 5.3331
0.0008 65.8061
2 99.9995 90.9137
99.9991 39.6173
0.0006 91.1671
2 0.0010 10.1402
99.9998 52.2883
0.0002 10.1281
2 99.9996 73.0538
99.9995 49.0713
99.9999 97.0364
2 99.9992 26.7654
99.9997 88.4583
99.9992 26.7654
2 0.0004 97.7498
0.0010 50.8393
0.0005 98.4220
2 27.0573 12.5640
0.0001 12.5640
0.0002 12.5640
2 0.0001 77.2831
0.0001 97.3911
0.0001 57.1751
2 99.9995 71.1482
99.9995 99.7675
0.0010 71.1482
2 76.6072 0.1269
6.3968 0.1279
39.2495 61.8993
2 99.9993 43.1157
0.0002 49.5318
0.0006 43.0669
2 0.0003 94.8586
99.9994 95.5220
99.9996 64.0795
2 0.0009 49.1091
99.9993 49.1091
0.0002 3.7722
2 0.0005 57.1229
99.9998 57.2114
0.0006 57.1229
1 98.5808 90.7893
10.2734 54.9114
2 21.5032 83.6776
99.9999 83.6776
100.0000 83.6776
2 99.9995 28.7422
80.3785 0.1692
99.9999 28.7422
2 99.9994 91.0840
99.9997 83.0711
0.0010 91.0840
2 0.0002 96.8742
99.9992 41.0265
99.9996 97.6207
2 100.0000 17.0228
99.9997 47.6083
99.9991 17.0016
2 60.0363 95.8665
62.6056 95.8662
88.0146 12.5836
1 96.3635 81.3007
92.3629 81.2999
2 100.0000 67.2703
99.9998 67.2703
0.0005 44.5658
2 0.0006 63.8886
99.9993 72.5648
0.0003 63.8010
2 0.0001 72.7286
49.6984 72.8576
99.9998 35.8825
2 0.0001 0.1000
0.0001 0.1001
0.0001 0.1002
2 0.0005 79.8450
0.0009 79.8450
52.5421 31.7541
2 7.3295 0.1000
26.4896 0.1000
85.8878 99.0917
2 99.9996 36.4860
99.9991 21.9856
99.9999 36.6161
2 99.9996 67.0793
0.0010 51.1821
99.9996 82.9764
1 56.5409 24.6974
30.2601 6.0689
2 100.0000 75.6127
70.0263 75.6127
27.0364 27.7990
2 65.8403 1.9664
22.6417 88.0245
44.3262 88.0245
2 99.9992 18.3782
99.9999 18.3782
0.0001 26.4794
2 0.0005 71.4343
0.0006 1.6357
0.0002 71.4343
2 59.1081 96.8236
85.9566 98.5488
45.9915 93.5993
2 100.0000 60.8582
0.0008 1.5334
99.9993 60.8582
2 99.9998 48.7124
0.0001 87.3608
99.9999 48.7124
2 0.0005 18.7550
0.0004 93.9052
0.0007 18.7550
2 100.0000 65.1586
0.0001 65.1587
99.9999 65.1586
2 0.0010 13.2099
99.9992 23.3387
99.9992 13.2099
2 99.9996 82.4824
36.8884 92.7725
99.9997 82.4824
2 69.9088 0.1000
21.7842 96.4367
29.3552 79.2470
2 99.9994 52.5976
0.0008 39.4454
42.8140 65.7498
2 100.0000 15.1784
50.7704 21.8608
2.1672 8.4960
2 5.0000 99.9000
30.0000 99.8999
20.0000 99.7000
2 99.9996 63.5544
99.9992 40.7900
100.0000 63.5544
2 0.0001 6.8782
76.6188 2.0796
55.8162 11.6768
2 99.2808 0.5654
0.0009 91.4813
100.0000 0.5646
2 99.9990 42.5631
99.9990 61.2182
99.6072 42.5185
2 100.0000 65.1587
0.0001 65.1587
99.9999 65.1586
1 33.2169 14.5240
81.7327 14.5240
2 0.0008 74.0558
0.0009 60.3680
59.8057 87.7435
2 0.0011 43.1859
0.0006 4.3571
0.0004 43.1859
2 100.0000 59.8740
0.0011 87.6722
0.0005 59.8740
2 0.0006 54.6279
0.0006 21.3347
0.0007 54.6275
1 95.9911 26.2904
63.4652 26.2904
2 0.0006 52.3058
0.0008 52.8241
99.9995 39.9898
2 5.5313 92.6239
49.2753 92.6239
78.9942 92.6239
2 99.9998 44.9488
0.0006 1.6677
99.9997 44.9488
1 10.0000 50.0000
0.2000 50.0000
2 99.9995 85.4888
99.9992 78.6645
0.0005 86.2990
2 0.0009 97.5796
99.9994 97.5796
99.9990 75.6165
2 0.0006 8.8711
0.0006 8.8610
0.0004 43.0140
2 0.0003 73.5016
0.0010 55.6877
85.6633 73.5016
2 99.9993 77.7713
99.9996 77.6738
0.0008 90.9374
2 99.9992 63.8063
0.0004 63.8063
0.0009 26.7984
2 0.0002 75.4540
99.9992 75.4540
99.9999 35.9914
2 100.0000 88.3983
99.9999 88.3984
0.0001 88.3983
2 0.0006 59.8288
0.0004 23.8352
0.0001 60.0733
2 0.0005 79.7656
0.0010 74.5750
0.0004 84.9563
2 30.0000 65.4321
0.0001 50.0000
100.0000 99.9000
