100
1
19
23
100010000
10010001
536870912
34359738368
999999
98765432109876
999989
274877906944
777777777
3020000000
10010000
999991
77777777
268435456
9999999999999
100000000000000
10000000
11111110000001
76543210987654
33554432
134217728
43210987654321
777700070001
32109876543210
77777777777
8796093022208
17179869184
54321098765432
8589934592
999990
777707000000
777777777777
1010001
40302000001
777700070000
777700000000
2199023255552
40302000000
99999999999999
100010001
68719476736
100100000
9999999
10000000000000
999998
7777777777
4294967296
777700000001
78901234567890
77777777777777
504030200001
3020000001
777707000001
65432109876543
45678901234567
7777777777777
10987654321098
10001000
10001001
137438953472
1099511627776
10000000000001
67890123456789
1073741824
19999999999999
23456789012345
777770000000
549755813888
1010000
504030200000
200000001
1000001
12345678901234
200000000
70368744177664
777700007001
21098765432109
34567890123456
777770000001
1000000
67108864
20000000000001
16777216
777700700000
20000000000000
17592186044416
35184372088832
90123456789012
2147483648
100100001
777700007000
11111110000000
87654321098765
777700700001
56789012345678
4398046511104
89012345678901
