100
1
19
23
999998
999001
999000
567890
77777
21
99
8
989999
101
10111
899999
999991
999901
990001
91
22
19
10000
200
32
199
201
1001
9999
2200
11
900000
234567
901234
10001
10010
12000
1110
10101
999999
100000
10
999989
100
4096
1111
11100
2201
123456
11011
2002
101000
99001
10100
990000
11000
999990
101001
2101
20
12
10999
1000
1101
999900
10011
456789
11101
30
1099
90
998999
10110
2000
999
111
900001
65536
900
11010
102
2048
11001
31
1000000
2001
11111
100001
2100
1100
29
901
1999
1024
9
11110
999899
12001
110
1998
99000
