100
1
19
23
999000
876543
9999
101001
901
20
29
998999
32768
1110
10999
999999
101
12
1000
32
1024
1099
91
2001
900001
1001
65536
9
10111
10000
2100
999
345678
102
30
10110
99
12001
2201
11010
110
100001
11100
10
2101
11101
11011
2000
567890
1998
989999
11111
200
100000
199
543210
999989
90
900
1100
100
1111
99000
31
10100
10011
77777
990000
899999
1000000
2002
201
22
999899
990001
999990
234567
32
12000
10001
1999
999901
99001
10101
11
900000
11001
16
19
21
11110
2200
1101
999991
999998
999001
999900
10010
11000
101000
111
