100
1
19
23
1099
900001
9999
9
11110
901
998999
99000
10101
2001
11001
2000
2201
990001
10111
11101
19
210987
524288
10100
10010
20
99
101000
1101
987654
654321
999
999989
12001
10999
900
989999
100000
1001
11100
30
765432
12000
102
65536
21
1000000
1000
900000
101001
999998
32
12
110
2101
11011
999000
22
199
990000
64
10001
11
1999
10
100001
11111
10000
123456
2200
99001
2002
999999
101
999899
999991
2100
10110
11010
201
999990
91
1110
1100
31
999900
1111
90
111
16
262144
256
11000
10011
100
1998
999901
29
899999
200
999001
