100
1
19
23
110
890123
1100
11110
999991
256
10100
91
32
900
2201
10999
999999
9
1111
789012
10
999900
12001
11001
101000
199
999990
102
999899
22
11
2101
1998
2200
7
99000
19
29
10110
11111
100001
900000
21
999989
11101
1110
99
201
32
200
101
999000
12000
10000
998999
10011
12
1001
111
10010
9999
2000
990001
11011
990000
30
11100
31
11010
999
2
109876
1999
11000
2100
100
901
999001
10111
4096
2002
2001
876543
99001
90
1101
999901
1000000
999998
10001
1099
101001
899999
900001
20
77777
321098
1000
10101
989999
100000
