100
4
10 5 15 5
2
100 100
8
81 81 81 81 81 81 81 0
6
23 90 40 0 100 9
2
0 0
10
100 0 100 0 100 0 100 0 100 0
10
100 100 100 100 100 100 100 100 100 0
5
92 15 39 39 13
6
42 40 31 34 20 41
7
65 3 54 99 79 21 54
8
79 39 36 70 96 52 79 47
9
33 75 90 36 88 71 31 54 57
10
34 21 93 14 21 35 7 10 16 66
10
3 67 58 2 0 48 96 28 19 77
10
0 66 75 46 99 25 0 10 62 11
10
64 53 16 46 54 83 41 38 69 18
10
4 23 55 64 18 83 12 45 83 30
10
47 62 45 18 99 42 48 6 99 31
10
13 13 7 26 97 42 48 6 47 70
10
74 44 37 11 19 65 77 78 56 65
10
27 27 78 86 91 73 17 65 56 19
10
98 69 75 1 2 67 28 80 88 36
10
71 92 25 54 39 30 44 46 46 70
10
76 91 62 70 30 98 46 51 62 20
10
58 68 12 6 94 83 17 65 91 14
10
27 41 95 99 51 32 91 5 38 53
10
67 67 13 44 56 62 70 92 7 35
10
77 20 11 95 94 94 90 60 53 49
10
26 19 63 26 41 97 29 58 12 86
10
25 18 43 72 79 63 19 51 11 89
10
8 95 3 31 30 16 19 60 2 57
10
54 66 73 97 7 6 66 91 29 21
10
63 98 28 18 44 18 29 20 70 73
10
79 73 0 97 25 55 89 90 3 56
10
93 14 69 20 7 4 51 77 70 87
10
73 92 44 19 86 81 38 78 64 86
10
23 17 45 95 5 62 12 87 75 3
10
54 4 67 97 4 24 74 64 37 48
10
95 92 11 44 74 0 18 10 47 55
10
43 21 22 90 35 49 59 95 85 63
10
85 89 29 17 20 42 31 36 67 70
10
96 77 73 64 71 23 29 5 32 19
10
80 9 35 48 52 73 46 62 64 92
10
20 99 4 28 43 36 69 36 64 20
10
27 69 33 96 72 54 28 84 0 73
10
65 2 91 18 89 85 31 37 41 22
10
93 8 0 88 3 23 21 16 89 52
10
91 85 3 28 93 49 59 68 17 22
10
75 44 58 44 56 73 59 11 15 50
10
17 70 75 26 69 31 66 85 69 71
10
14 36 18 80 18 7 68 20 97 42
10
51 16 50 95 2 84 77 41 72 65
10
81 39 67 77 94 77 93 68 25 51
10
37 44 90 54 10 3 87 57 59 20
10
50 67 87 80 18 91 99 49 2 31
10
68 41 85 8 20 68 22 1 49 74
10
11 61 86 80 37 44 65 55 49 25
10
13 53 32 0 4 80 75 96 75 25
10
27 99 44 84 35 10 59 99 39 39
10
96 55 34 25 53 92 11 50 76 77
10
46 13 20 9 80 80 40 49 27 49
10
93 90 84 94 19 26 69 57 49 70
10
20 19 55 3 55 59 76 99 40 37
10
48 25 39 49 80 32 76 86 87 3
10
32 65 78 81 92 10 59 21 33 19
10
89 18 84 49 16 56 13 72 83 97
10
51 9 25 98 59 52 76 25 27 7
10
2 84 9 11 50 63 8 44 56 38
10
63 39 32 58 47 50 4 2 29 2
10
35 91 11 47 0 75 14 94 14 78
10
97 37 33 38 2 59 79 74 10 23
10
15 55 9 50 65 85 75 71 87 3
10
74 36 14 89 86 98 76 75 6 25
10
3 62 9 0 18 68 7 6 90 32
10
18 42 1 40 65 22 5 46 67 86
10
15 16 48 28 54 21 55 73 27 28
10
57 22 86 10 9 44 44 25 55 74
10
50 87 7 79 81 1 11 17 69 66
10
90 97 37 0 22 1 26 68 49 84
10
19 69 8 81 98 14 48 68 73 30
10
31 97 68 67 74 47 71 37 83 17
10
96 50 45 68 32 95 51 68 60 74
10
3 5 50 48 21 26 44 43 12 0
10
55 40 5 8 8 84 3 65 35 28
10
25 32 23 11 5 95 20 62 48 39
10
3 70 8 97 17 35 99 63 3 54
10
98 90 24 88 12 72 79 20 12 24
10
94 85 39 17 57 79 96 57 0 4
10
96 21 44 35 50 90 95 46 97 32
10
84 43 19 2 30 67 41 80 78 71
10
71 71 52 68 76 2 90 41 27 79
10
17 18 19 3 78 33 91 99 76 84
10
18 41 25 7 9 13 23 32 6 42
10
42 27 68 80 29 96 23 39 78 77
10
23 53 15 91 26 12 20 44 30 77
10
64 63 94 66 69 2 98 21 42 48
10
22 16 83 74 70 28 86 23 92 59
10
42 72 93 62 24 9 94 57 63 46
10
71 66 0 41 19 46 98 13 30 39
10
16 14 3 44 99 13 97 81 19 51
