100
2 4
10 5
3 12
7 7 7
3 12
4 2 1
5 1000000000
25 25 25 25 25
2 2
1 1
5 5
1 1 1 1 1
5 448257424
1 2 3 4 5
5 915742169
18 7 21 11 25
5 587436862
4 4 4 4 4
5 568597368
3 3 3 3 3
5 34079591
25 25 25 25 25
5 242988839
1 1 1 1 1
5 58623007
11 11 11 11 11
5 611099092
4 4 4 4 4
5 465806947
13 13 13 13 13
5 408750443
7 7 7 7 7
5 152733311
16 16 16 16 16
5 534707365
1 1 1 1 1
5 436833835
24 24 24 24 24
5 967767636
10 10 10 10 10
5 478151806
16 16 16 16 16
5 340529326
2 2 2 2 2
5 963037945
11 11 11 11 11
5 250809522
2 2 2 2 2
5 788816913
4 4 4 4 4
5 361460406
14 14 14 14 14
5 984215706
19 19 19 19 19
5 266767803
18 18 18 18 18
5 421288644
5 5 5 5 5
5 416530678
12 12 12 12 12
5 962288703
15 15 15 15 15
5 557537149
16 16 16 16 16
5 69804418
21 21 21 21 21
5 409253991
1 2 3 4 5
5 506847530
1 2 3 4 5
5 627223602
1 2 3 4 5
5 25137050
1 2 3 4 5
5 425362946
1 2 3 4 5
5 180750660
1 2 3 4 5
5 223789490
1 2 3 4 5
5 336076191
1 2 3 4 5
5 577982020
1 2 3 4 5
5 109427274
1 2 3 4 5
5 384975109
1 2 3 4 5
5 739743486
1 2 3 4 5
5 138437040
1 2 3 4 5
5 76069567
1 2 3 4 5
5 860593064
1 2 3 4 5
5 985596062
1 2 3 4 5
5 124642544
1 2 3 4 5
5 123571261
1 2 3 4 5
5 577788982
1 2 3 4 5
5 227905112
1 2 3 4 5
5 441172098
1 2 3 4 5
5 549571089
1 2 3 4 5
5 885965576
1 2 3 4 5
5 908691972
1 2 3 4 5
5 924517886
1 2 3 4 5
5 989409596
17 12 11 20 13
5 960129387
7 19 13 8 5
5 151377321
4 1 23 9 25
5 577908516
15 21 21 5 7
5 782226609
21 7 20 23 13
5 97207928
22 8 11 4 16
5 948274646
8 13 12 11 15
5 980350827
25 10 22 17 24
5 532200064
2 1 22 18 25
5 927653617
25 9 6 16 2
5 699359690
7 2 5 24 7
5 198290669
9 13 15 24 12
5 922325259
11 12 24 21 13
5 722190034
18 17 18 17 16
5 979890959
13 6 12 13 25
5 179838906
18 4 10 8 2
5 263481665
12 21 6 21 18
5 813402621
8 1 14 12 5
5 457770760
10 8 6 24 24
5 235752140
19 25 1 21 13
5 156116187
7 1 3 16 24
5 118150758
15 8 11 19 10
5 667008765
18 21 24 8 21
5 317253160
7 5 2 17 25
5 349064825
8 9 11 12 21
5 889600623
16 2 5 12 3
5 625631710
4 19 14 11 22
5 331141966
13 6 5 19 10
5 174083023
23 25 14 18 10
5 903703640
21 25 16 7 12
5 789665950
6 25 23 16 22
5 83344929
1 16 15 9 20
5 275802588
16 16 17 10 1
5 724398969
16 22 25 6 12
5 265202406
6 16 7 3 24
5 392408702
11 20 1 13 25
5 413574924
10 5 24 1 16
5 793094997
3 5 14 20 11
5 492115943
22 5 17 13 14
5 1970456
2 1 16 10 22
5 300544857
8 22 2 13 3
5 631049387
12 7 4 22 12
