100
2 4
10 5
3 12
7 7 7
3 12
4 2 1
5 1000000000
25 25 25 25 25
2 2
1 1
5 5
1 1 1 1 1
5 448257424
1 2 3 4 5
5 915742169
18 7 21 11 25
5 646234850
21 21 21 21 21
5 861466854
4 4 4 4 4
5 458899800
14 14 14 14 14
5 518842865
20 20 20 20 20
5 224060667
16 16 16 16 16
5 684289442
7 7 7 7 7
5 751395311
24 24 24 24 24
5 448841576
2 2 2 2 2
5 158979345
20 20 20 20 20
5 225980975
4 4 4 4 4
5 897641623
7 7 7 7 7
5 141819673
5 5 5 5 5
5 472266860
10 10 10 10 10
5 355330602
14 14 14 14 14
5 806624771
24 24 24 24 24
5 901970197
23 23 23 23 23
5 981811623
1 1 1 1 1
5 641273117
14 14 14 14 14
5 79905287
2 2 2 2 2
5 11191869
14 14 14 14 14
5 91600636
9 9 9 9 9
5 350358352
10 10 10 10 10
5 605442953
12 12 12 12 12
5 579886589
9 9 9 9 9
5 643093563
18 18 18 18 18
5 164529109
1 2 3 4 5
5 13474317
1 2 3 4 5
5 581035763
1 2 3 4 5
5 609052643
1 2 3 4 5
5 619448608
1 2 3 4 5
5 928978345
1 2 3 4 5
5 800602628
1 2 3 4 5
5 281705338
1 2 3 4 5
5 957720599
1 2 3 4 5
5 842341068
1 2 3 4 5
5 305897992
1 2 3 4 5
5 170865349
1 2 3 4 5
5 16558215
1 2 3 4 5
5 961236268
1 2 3 4 5
5 590554774
1 2 3 4 5
5 514353673
1 2 3 4 5
5 958207518
1 2 3 4 5
5 246693006
1 2 3 4 5
5 264258105
1 2 3 4 5
5 308338787
1 2 3 4 5
5 880157557
1 2 3 4 5
5 524782028
1 2 3 4 5
5 654008080
1 2 3 4 5
5 474343063
1 2 3 4 5
5 782828057
1 2 3 4 5
5 151104271
2 25 5 22 13
5 181480071
15 22 15 20 6
5 539297884
3 18 9 16 16
5 433556519
4 14 20 15 1
5 951460897
1 3 13 18 21
5 446894858
7 8 3 22 25
5 701520580
18 11 3 10 11
5 680030384
22 18 17 22 12
5 242148599
25 12 4 1 15
5 901948303
23 18 1 12 7
5 142469683
6 3 4 22 1
5 365844156
11 21 11 7 18
5 276111445
1 6 4 25 12
5 406745095
2 22 10 12 14
5 851850820
5 23 13 25 5
5 691274073
17 17 14 5 12
5 967545895
9 17 22 6 21
5 218776642
24 5 24 15 20
5 250663045
24 7 12 3 15
5 958697552
4 4 17 2 15
5 503035251
2 22 16 3 13
5 24989297
8 15 23 6 8
5 598760678
17 14 20 18 11
5 457096134
10 14 9 6 5
5 569311176
7 5 1 11 19
5 890165236
25 5 12 17 18
5 888967918
9 11 22 24 4
5 492957303
15 8 1 6 4
5 466474122
3 18 18 8 5
5 641665264
13 20 13 19 16
5 442495158
3 9 4 10 13
5 203600957
25 24 7 23 24
5 234104044
6 11 4 13 24
5 872603238
17 1 1 7 19
5 624891696
3 3 3 19 3
5 970639415
12 19 18 13 25
5 671439454
4 3 25 25 24
5 914945177
5 22 22 7 14
5 690702472
8 22 2 3 12
5 277513652
7 5 16 10 23
5 305155334
14 21 12 12 16
5 595929962
1 13 23 14 22
