100
2 4
10 5
3 12
7 7 7
3 12
4 2 1
5 1000000000
25 25 25 25 25
2 2
1 1
5 5
1 1 1 1 1
5 448257424
1 2 3 4 5
5 915742169
18 7 21 11 25
5 181752738
18 18 18 18 18
5 134998622
7 7 7 7 7
5 84932622
21 21 21 21 21
5 705935609
9 9 9 9 9
5 893375146
4 4 4 4 4
5 28031016
14 14 14 14 14
5 350864440
17 17 17 17 17
5 202874052
9 9 9 9 9
5 664355317
7 7 7 7 7
5 475144814
21 21 21 21 21
5 402072895
3 3 3 3 3
5 863733505
5 5 5 5 5
5 749895210
11 11 11 11 11
5 661519651
6 6 6 6 6
5 495497341
16 16 16 16 16
5 484926945
23 23 23 23 23
5 844365914
2 2 2 2 2
5 625644449
12 12 12 12 12
5 115484796
18 18 18 18 18
5 391028574
23 23 23 23 23
5 621788945
7 7 7 7 7
5 824389276
9 9 9 9 9
5 338134293
15 15 15 15 15
5 565610159
16 16 16 16 16
5 59685397
20 20 20 20 20
5 459981719
1 2 3 4 5
5 839657544
1 2 3 4 5
5 424573990
1 2 3 4 5
5 424388362
1 2 3 4 5
5 619330867
1 2 3 4 5
5 379926617
1 2 3 4 5
5 628208486
1 2 3 4 5
5 949639522
1 2 3 4 5
5 389842019
1 2 3 4 5
5 228302202
1 2 3 4 5
5 635207559
1 2 3 4 5
5 46166626
1 2 3 4 5
5 614965504
1 2 3 4 5
5 527619912
1 2 3 4 5
5 769872236
1 2 3 4 5
5 206414525
1 2 3 4 5
5 93085051
1 2 3 4 5
5 76435185
1 2 3 4 5
5 446420864
1 2 3 4 5
5 931713498
1 2 3 4 5
5 927285254
1 2 3 4 5
5 974237845
1 2 3 4 5
5 169830520
1 2 3 4 5
5 166905508
1 2 3 4 5
5 375204596
1 2 3 4 5
5 883736602
16 8 15 21 14
5 311966039
7 9 20 18 8
5 783841183
22 15 25 18 20
5 841904242
7 9 19 8 7
5 6768021
16 22 17 19 21
5 1962203
9 23 4 10 8
5 5657254
22 4 12 22 10
5 995048725
6 15 19 17 6
5 129691476
1 15 11 19 11
5 440725934
10 13 24 19 23
5 503078294
6 10 3 20 7
5 296107761
7 9 11 7 17
5 991101059
19 24 15 14 9
5 38588788
1 6 17 4 25
5 239467260
20 21 1 24 13
5 351147421
17 6 4 5 13
5 21353849
4 7 18 23 7
5 230076830
24 5 15 18 13
5 669597221
7 25 24 19 17
5 228800176
18 9 5 21 3
5 330420013
21 8 12 10 18
5 816194920
23 11 3 20 25
5 36346696
23 1 18 23 17
5 705236790
13 18 19 25 16
5 501984229
11 7 15 20 9
5 915694300
14 2 3 20 5
5 416206802
5 15 3 23 2
5 636520187
24 10 8 16 11
5 179162654
13 23 21 11 16
5 749734691
16 21 4 16 3
5 495255477
5 24 19 23 9
5 576996262
15 24 22 11 15
5 792387019
20 8 11 12 24
5 202157281
9 25 11 14 14
5 782294400
16 11 7 18 8
5 773782915
1 14 12 2 13
5 163234863
20 5 25 7 14
5 74735397
23 20 21 13 12
5 995336964
17 6 25 15 13
5 655814362
9 4 7 10 25
5 124365321
25 6 21 2 16
5 437943784
14 16 1 19 4
